5 1920 1080 1.0
12 -5 81 36 181 181 5
-93 14 67 18 51 98 3
-76 29 81 50 91 184 5
31 -76 85 91 185 92 17 4
-43 -51 60 93 160 09 12
-16 85 84 31 184 71 5
-40 81 31 6 131 185 3
76 -118 30 185 61 58 1
-136 -85 73 1 50 185 4
76 -185 76 93 158 76 8
-138 5 57 6 31 180 5
-33 81 167 11 167 137 6 3
-93 15 87 60 37 185 3
-16 -109 137 6 195 73 1 5
76 -76 18 97 53 96 8
12 5 81 36 181 181 5
14 -93 67 18 51 98 3
29 76 81 50 91 184 5
31 76 85 91 185 92 17 0.5
51 43 60 93 160 09 2
85 -16 84 31 184 71 5
81 40 31 6 131 185 3
118 -76 30 185 61 58 1
85 -136 73 1 50 185 4
185 -76 76 93 158 76 8
138 5 57 6 31 180 5
81 -33 167 1 1167 137 60
15 -93 87 60 37 185 3
109 -16 137 6 195 73 1
76 76 18 97 53 96 8
27 -5 103 238 93 184 4